x              =  0.500000E+00
Erf(x)         =  0.520499E+00
Fortran erf(x) =  0.520500E+00
Error          = -0.476837E-06

